politician_id,party_id
5,31
5,32
13,49
16,15
20,22
21,2
26,31
26,32
39,34
44,13
46,18
50,11
60,2
64,18
69,3
71,22
72,49
73,3
103,28
107,48
114,31
114,32
117,11
120,24
125,29
131,35
132,7
135,31
135,32
142,11
145,13
148,34
149,62
151,11
155,19
158,48
183,31
183,32
190,31
190,32
195,31
195,32
204,31
204,32
212,31
212,32
240,31
240,32
246,36
248,31
248,32
256,48
258,49
259,49
263,51
265,1
266,11
268,21
269,31
269,32
276,18
285,18
294,11
295,13
297,36
299,11
306,3
315,31
315,32
325,48
329,19
332,48
341,31
341,32
343,13
353,1
357,10
361,2
365,22
370,42
375,19
377,42
378,13
381,34
391,2
392,49
395,21
397,22
400,21
406,21
420,31
420,32
421,2
422,18
425,19
426,22
428,19
429,3
433,51
441,13
453,19
459,50
459,81
459,82
464,11
467,21
472,19
474,3
475,19
476,7
482,48
483,19
491,1
494,31
494,32
498,9
513,31
513,32
514,53
515,14
517,13
521,19
522,14
530,31
530,32
539,7
540,13
606,11
620,10
