politician_id,university_id
10,7
12,12
16,13
20,10
46,14
52,2
54,15
62,1
63,16
64,17
65,1
72,1
86,5
89,18
93,1
94,1
100,1
101,19
103,20
107,21
114,1
117,10
120,19
127,1
132,1
134,22
135,23
145,24
146,25
149,1
151,2
155,26
158,1
185,8
216,1
232,27
247,28
256,29
263,1
265,10
266,10
268,18
270,1
271,30
277,1
294,2
297,1
300,31
306,32
307,1
311,1
313,1
315,1
317,1
325,1
327,1
330,1
332,33
337,1
339,5
341,34
343,25
356,36
364,1
374,1
375,10
378,37
380,2
381,1
384,8
391,7
392,11
393,1
394,2
397,10
400,1
403,1
405,1
406,1
409,38
413,1
414,39
418,10
420,40
422,41
425,1
426,1
428,1
431,42
433,1
434,43
446,44
453,1
454,1
458,1
464,2
467,45
470,1
472,5
483,19
491,46
492,9
494,1
500,1
509,2
517,3
521,1
522,4
524,5
533,1
591,1
622,6
644,1
